2470
1455
2052
1515
176
153
297
2284
896
2187
2403
836
1662
383
1090
2211
785
580
1454
904
504
1696
956
46
2388
682
2064
932
2198
2394
2490
2051
254
1655
2259
1137
560
864
118
561
1260
2381
759
1304
910
2098
1731
801
587
1106
678
1043
128
368
367
2203
599
2103
1755
1072
169
1519
437
2151
597
1297
1282
2395
1589
1508
124
1317
1613
1088
1949
386
167
2180
1514
440
663
1762
1474
1073
347
345
1400
620
1942
1375
1751
1466
2142
2157
1499
908
2221
2130
725
820
690
1108
1913
418
1298
901
1114
1116
2029
377
1127
747
1005
1636
8
2415
1992
1998
811
1045
348
1438
2368
373
905
1249
1465
728
538
1919
2300
1069
1104
550
721
1773
2127
1654
1040
2252
2070
2083
2468
2441
1360
931
2148
1835
562
1017
736
1656
1085
1057
637
483
527
229
1633
515
394
567
1770
2333
2367
1552
973
1583
1567
1530
930
843
117
1704
781
700
1036
256
2439
2471
1950
1960
116
1706
1694
2438
2222
848
2276
1083
1670
779
249
324
226
1562
942
213
1411
1790
2021
471
1938
47
1351
1395
266
1478
763
1717
713
831
1683
346
1638
1006
2066
299
772
474
1852
2132
957
469
1378
1931
1554
903
1595
196
621
897
2027
1603
1433
1461
1107
2028
371
2031
1824
1820
1804
1524
514
1614
1379
405
470
183
2506
1968
309
2041
2072
1026
1450
1047
661
1713
285
733
460
1398
432
1325
2442
38
448
67
1568
1628
191
1522
1855
1023
363
358
1612
2340
325
2275
1641
2089
1007
1769
701
792
1727
2081
1046
1028
2220
591
384
1817
2204
1621
2034
1920
2493
2508
1154
2145
486
976
287
2516
1712
1320
37
1319
2042
638
1133
2040
1640
1092
669
340
327
2076
746
1441
555
549
398
968
1435
574
986
672
730
2000
435
1386
1716
1269
1607
1646
575
2206
2387
2359
882
1611
828
767
812
313
1722
751
2253
2467
1944
212
1011
675
1718
1498
2047
1059
536
387
1653
844
2189
397
1380
2366
1365
1747
1140
269
2268
1123
900
268
1987
1480
2260
1708
1954
1948
1396
308
1495
660
1055
1678
1772
1470
1475
2269
1668
1469
1730
2082
1686
1733
704
680
331
275
1831
1402
378
155
1000
1423
2121
977
415
2489
190
206
2173
1362
2006
906
1974
2150
500
1561
2347
2517
1250
1783
1758
1756
695
1846
572
2228
314
1732
710
1076
262
1021
1714
1510
791
473
1912
846
2382
1429
2035
2440
1251
2018
1750
1752
354
1816
731
1784
1798
381
498
485
1632
2108
1582
880
458
1324
1851
2039
48
1296
1252
727
66
1339
1542
1629
1009
2005
1650
2213
1010
1735
1052
501
1537
2166
809
1796
642
238
1936
1605
2022
1299
2445
2353
1449
369
1802
1615
1327
243
1592
2401
1485
1500
182
1545
178
993
2093
1221
2167
970
979
1452
1285
1789
643
1856
332
1797
1771
649
724
1761
2414
1531
1973
446
459
242
1997
454
457
974
259
189
782
1518
691
1051
1875
1728
750
2236
311
2251
2214
742
288
988
1692
1353
1841
2045
616
1142
1819
385
1468
1830
126
2293
568
357
1458
1155
585
1782
1152
2325
899
1999
2317
1342
409
2446
1112
1659
2088
1637
1639
526
960
343
980
1122
1125
1102
388
294
154
543
2435
650
667
1390
1041
528
978
2009
1674
1680
1135
610
1809
1105
1521
180
379
780
2339
1610
1559
1334
2087
964
627
1926
806
2084
815
2011
1369
816
790
824
1671
2077
631
1094
1446
1445
604
955
2373
2188
1520
68
1387
300
761
516
729
1179
393
1876
1489
1074
1484
1860
210
2149
1308
7
2469
2464
40
330
1979
1601
895
1410
295
1759
648
329
1022
709
1719
1737
2054
951
1660
1330
1121
655
1709
798
1132
517
1463
487
933
2169
598
2023
370
326
349
1363
1202
1775
1393
1479
1248
670
902
310
1871
122
391
1760
2443
1780
165
2058
2285
1676
1850
267
525
1635
2174
424
338
1961
679
1908
1001
1042
692
1075
2099
2168
953
2003
941
361
1956
1584
1456
1329
490
1321
2125
1035
1415
539
1504
125
652
2301
1176
789
1791
1527
1129
1576
253
2078
1089
1266
596
1993
1048
552
374
698
1077
1980
1967
3
671
2411
654
683
1840
1822
1688
2071
1361
2059
1821
842
2104
1606
1930
1988
592
1457
821
1647
2025
783
177
1078
786
1111
1672
1711
1377
1346
413
1943
603
2163
2094
2033
1702
1490
666
711
712
537
301
2227
744
1900
1018
1003
307
1054
2156
1328
2437
1440
544
1418
1318
2465
441
436
2043
2492
1748
1056
2246
1405
1870
1383
127
898
222
1340
1914
1283
2114
1117
1994
1585
1786
1535
1695
985
1120
1354
1684
689
1356
1197
380
1084
1902
328
2019
281
564
2507
1594
426
2491
1627
2046
1012
2212
2196
1014
1749
1745
1862
1881
1742
720
1391
1721
737
1901
1700
2389
1427
1424
1785
1808
982
787
997
420
283
246
1649
1284
1991
881
5
1609
1323
1347
1348
2161
1604
1381
392
400
2360
2380
1444
1138
1807
2332
2341
626
360
2030
2137
1067
702
2229
1720
1494
292
1701
819
2075
958
845
1630
452
2112
1677
826
837
430
447
952
2195
1008
586
1845
1715
1690
1866
943
2136
1744
2049
317
1228
2331
608
1801
2012
1966
1306
1349
1336
2354
609
255
2016
2361
556
771
2184
298
1013
1814
1203
431
2466
2154
1590
1740
1586
651
484
719
1079
2262
681
1071
699
1
1608
2309
1305
1972
1099
120
1763
1918
947
1558
1743
315
1803
1141
296
2219
1955
2097
194
981
1528
962
1907
1267
1596
1352
1345
716
170
2060
2316
261
1422
2178
2065
2
658
708
2261
442
1593
1602
1532
2396
808
807
1896
1201
2308
1316
1924
1774
512
1925
1932
2245
1044
745
754
1806
2235
1836
2375
972
1109
1066
1880
2175
2113
1367
929
879
1038
1039
1096
1467
1030
1087
2412
1962
270
975
1177
1412
1861
1665
1139
1311
419
1710
280
1509
756
1153
1753
2515
2144
1547
257
1978
1553
2119
1651
1373
1432
1118
1019
401
991
2069
1525
989
1664
375
1081
946
342
1061
2143
1247
2004
684
687
662
359
282
2063
755
2230
644
1657
990
2410
1529
1394
1358
1261
2436
551
2352
356
1332
1757
2017
579
573
1591
984
778
802
197
2155
2172
6
1666
1523
766
1825
1505
1805
2238
2131
615
1406
822
341
653
1050
2299
2283
293
1549
2160
1631
1891
2179
1865
1268
425
2237
316
949
757
2139
1890
2107
2323
1143
382
2194
1439
743
2057
948
2254
1985
1886
1682
928
718
967
2444
1634
472
1986
1307
2277
1754
646
1488
513
584
625
748
2037
1937
1698
2413
1421
1420
2243
72
2324
312
123
1734
1350
1385
1178
777
2402
2120
453
2463
2244
1587
488
794
696
1309
2015
2290
2053
69
563
1857
333
2124
2162
796
389
1826
1015
1080
1787
1437
1148
548
1389
406
1344
1818
2315
1100
752
2138
2133
279
2181
2409
274
1906
1658
907
4
632
2374
2185
2408
272
1460
1588
39
553
1885
1895
427
1033
2036
323
1382
407
995
1550
1847
1172
1416
244
2109
241
2118
813
2234
2307
1199
2010
2267
1874
589
2488
2226
1024
1889
1564
869
2418
240
739
1384
1648
2274
1034
344
722
2126
228
2186
71
1834
1746
810
412
1788
1110
707
614
540
1534
395
1113
673
636
1839
1357
2197
2048
677
1310
1884
2292
2291
927
2102
121
2024
1741
1262
1173
2338
1689
449
554
1198
119
156
1372
2218
706
1063
577
2346
1428
1864
2210
366
1174
1829
1879
832
566
1175
1894
2282
2314
248
2298
542
1200
909
817
502
2258
613
2386
1223
693
421
403
73
1189
2205
1854
499
497
1149
1053
1392
602
578
372
1844
565
1215
1859
1232
2092
541
664
1652
1196
2225
1188
1965
2322
954
2428
2417
590
1235
511
2217
93
1086
94
2393
2281
2266
2427
1971
50
1899
2289
1151
2416
234
2348
1150
264
2250
52
2329
2355
1245
2201
601
2257
1212
2242
818
2351
1977
1929
2233
70
987
2202
51
1849
49
2306
2297
1164
202
1166
290
443
2369
1343
1359
1326
1869
2345
1190
2407
2249
1165
624
1541
2494
218
96
2321
1229
753
1923
1947
2430
1213
1982
2265
1191
129
2313
2365
2330
1941
95
1953
2429
1238
788
2337
132
1911
971
1167
390
1242
1497
2510
1436
97
1905
1119
2379
2241
2376
635
1020
1214
2511
2209
1170
1270
1477
277
1136
1517
2372
2362
1272
865
1288
1224
2273
396
2400
2358
1487
1184
1557
1793
1273
1217
251
1161
1227
863
2305
1792
1004
1225
1507
1211
135
133
2193
1376
134
10
1289
1935
1187
1271
320
131
1453
1209
2090
1287
1723
9
1144
1959
322
1163
1192
1037
130
1145
136
2100
1286
1070
1146
1917
1419
1724
1169
1160
1171
402
1103
694
1464
1162
2110
1194
11
2509
1210
1244
1231
1168
481
2447
723
1185
1799
75
414
1186
304
1736
1236
1707
1208
1237
1193
665
321
1254
1243
2095
2105
2085
337
1147
482
1195
1256
890
1255
77
496
535
1443
2450
889
1216
467
510
76
2448
468
1409
336
2449
887
509
936
935
668
15
376
888
1218
1253
305
849
524
1426
2502
495
306
937
726
697
1183
14
1207
934
2504
12
1234
1697
13
534
871
523
1204
2503
1691
1230
399
1945
79
1513
1241
1180
80
1206
870
1685
239
1503
1181
82
223
1483
1159
78
1546
873
2286
1158
2505
1205
2270
1963
1156
1182
1157
2278
1810
872
2294
81
1969
857
855
207
1703
1493
921
1473
209
854
1939
1951
186
1957
173
1246
919
920
922
350
181
225
1302
2487
1776
1239
1226
2484
2302
1301
193
1580
2486
856
168
1625
1577
1300
2485
1579
1578
1303
1581
1626
1623
1624
1082
784
271
749
768
758
814
1016
284
1622
1091
950
203
992
219
235
1397
1388
1058
286
983
1115
1222
793
823
1049
1322
940
1355
273
1219
2304
1364
1025
192
258
208
1220
2074
1551
36
260
2336
938
1293
2335
18
184
233
959
583
34
456
1124
2216
939
171
2008
201
2165
2385
2350
595
2288
245
1996
2280
445
2320
2356
224
2239
1331
2086
2111
2223
2044
35
465
237
2303
2287
2398
607
2147
2384
2399
1984
451
2200
547
205
2392
2311
217
2377
2171
2091
2020
2232
2068
2117
630
2002
2296
2371
2248
2106
1990
2014
2183
59
2050
2208
480
2115
2240
2349
2295
2378
2328
466
532
2080
571
439
559
16
2420
2319
829
2101
247
423
2215
998
2312
2135
2255
2224
1430
60
2263
2026
434
140
2159
2096
2364
2256
319
2357
2264
1413
2272
2056
853
1337
2363
2419
2191
149
2207
2231
2422
641
2032
2343
619
1130
2062
2199
2344
221
417
594
850
2153
351
2141
2279
1777
141
139
137
2327
1922
57
1838
533
2038
2177
2421
493
2370
2129
764
773
522
582
2134
852
17
408
1031
429
2271
2391
2247
1370
1843
618
1873
479
2123
2116
570
2406
1904
2192
138
2122
2128
1952
494
1970
144
195
19
152
1858
151
2458
227
335
1964
508
799
143
507
58
640
150
2457
521
1946
1064
1898
1097
1403
1533
1811
686
546
1940
303
629
2405
1447
1848
606
924
965
645
703
263
1813
1910
211
923
1934
1878
1526
851
1888
1828
142
1981
1853
657
1976
365
1893
732
1958
558
1863
925
22
20
353
1928
715
21
1883
866
289
276
2456
23
1673
1679
1916
1667
1868
674
1661
1833
926
250
1779
530
463
2455
2496
519
477
74
491
2495
2475
163
605
161
174
505
164
1597
2474
2472
464
187
847
840
478
593
769
162
2497
2473
492
531
520
581
506
1645
1644
1599
1600
1642
86
55
83
115
85
32
29
56
1425
112
54
31
87
265
33
215
252
200
111
291
114
53
113
30
1598
2334
2318
860
84
859
1643
1442
2326
232
105
774
102
216
1408
103
231
1538
862
278
858
1274
199
2342
1539
2451
2310
1259
1563
1275
1277
867
92
861
2433
2431
90
104
2452
1276
2432
91
2453
88
2434
623
1258
1257
622
634
611
885
963
89
886
884
945
2454
1029
827
612
1095
1368
1062
883
1335
1401
797
633
1341
1565
1068
1002
996
1434
1417
1462
1128
803
2477
1101
839
2478
762
2479
1134
1451
838
1512
1555
422
775
969
1374
1492
833
914
1407
1240
1544
911
1502
2476
1482
1233
433
2001
1794
2067
1472
1459
2158
1617
676
1338
912
2055
1812
1768
1448
1263
913
1989
1032
999
1681
2073
1131
1781
2190
1726
2140
2007
1278
685
2182
1669
2390
1693
1765
1795
2513
1800
1729
1281
339
891
2514
1815
2164
476
1983
428
892
1574
800
2170
416
1431
659
1766
1098
1280
1414
894
1616
2079
1995
717
1371
1675
1778
2061
2152
1687
1571
735
830
1823
1265
1620
734
1832
714
355
1618
1065
2397
688
1663
647
185
2404
1767
1738
740
1739
462
1572
893
1725
518
1264
2423
2146
1764
656
364
410
705
158
1279
1404
2383
2512
966
101
2176
98
1867
159
1471
1573
157
1882
99
1619
2424
1842
2013
100
1575
63
411
352
1705
529
1699
1872
362
1501
404
1892
868
27
741
1837
172
915
64
1887
1827
1897
160
1540
569
918
62
1569
61
1909
765
1877
1491
1570
1915
576
65
24
1511
2426
617
1560
2481
2425
188
916
1481
1536
455
545
230
26
28
1975
1933
175
961
438
639
25
1903
1927
450
917
600
214
1126
2480
444
1294
776
588
738
107
1093
198
110
1921
2483
108
628
994
1027
146
805
109
1366
770
106
1060
145
44
825
760
42
2501
45
1548
475
1496
1399
2461
835
557
1333
2499
841
2462
1295
503
43
236
1486
2482
1290
795
2498
834
461
2460
148
1516
41
804
1543
204
147
489
1292
1291
334
318
1476
220
2459
2500
1506
878
1315
1313
302
1556
1312
1314
